111
mnan 1131111111, 111’11111111111ι·1111111 1111111

Η11111111111 (111·1111111111111131111113, 1111 111111131111111·

, 11111111 111 111111 1111111 ·,11111(1 (111 1111111 'eo 1111111 11113111

1111111111111131111311 1111 11111111 11111111. 111 1111111111,1111
111 1111111111 11111111 (11111111111111, (1111 die 11111111, ub
1111111111 111 der ’11111113 1111 1111111111 (111111111111113111
mame 1111111111 31111111· 111111113131111, 111 1111111111
1111111113 111111; (111111111111111131111111 1111 11111111ιὴ113
(111-1111111111 111 1111111 111 11131 111111; (11(11111111111111111

111’111111111111111111111, 11111 3111131, (111111 1111111 11611 = “

11111111111111 1111111 1111 (1111111 zu 111111111111, einen 111111

’1111111 1111111111111111 111-1111113111 311111111111 1111111111 31- ’

1111111. 111111 1111131111 1111111111 (1111111111, (111 deutlich
11111, 3111111311. Eia 1111111 11111 der Nuntiatur 1111111111
11111111 werde (11111 (111111 11111 11111111111 1111111111 11111

11111111111111111311 11111111111111113111, 1111111111111111111

,1111111111 3111111111. [111116111111111111 111111111111111 ,

11111111311 1111111111, (111 111· 1111131111111111 1111111111111 ·
11311 habe, 111 1111131111 111 (111 1111111111 111111111111111 ·
1111111113111 1111111111 11 11111111. 1111111 1111111111 11· an
1111 1111111111 1111111113 dos 11111111111111, 111 11111111 (111
negem 111 1111111113 111 (1111 11111111111111 1111111111.
1111111, 111 die 1111111111 311111 11111111 311131, 111111111
11111113 noyn 111111, und 1111111 (11111, (1111111111 111 (111
’ 1111111111 (111 11111111111111111113 111111111111 1111111111 und)
(111 1131113111111111111113 1111111111111111111111 1111111.

1111111, 1113111111 111 8111111111, (11111111 111 11111111·
111111 3111111111 111111, 111111111 (1111111 (111111111111111, (111 ’ «
neuen 111111111111 11 11111111,111111 den Urkantonen 111.
1111 (1111111111 11111 anderen 81111111 11111111111111111111111· '
111111311111111· (111111181611111111111111111 „der veste
wille 111111 1113111113 111, 11111111111111111111111111111111 ¹
111111 11·11111 111311111311,1(1111 3111111111111121111111111
111111111Ζ11111113111111 1113111111 1111111111 1111111311. 8111111
311111 werde.“

ledoch 111111 (111 1111111111 111111111111111111111, 1111 ¹

1111111111, 111311 1111111311 11131111111,13111111131

-bei, 1111 1111111111 1111111111, mum-nauem&
821 ’

 

